
KNOT1
tra 6001  0.0000E+00  0.0000E+00  0.0000E+00
rot 6012  0.0000E+00  0.0000E+00  0.0000E+00
exp 6013  0.0000E+00

KNOT1
tra 6002  0.0000E+00  0.0000E+00  0.0000E+00
rot 6020  0.0000E+00  0.0000E+00  0.0000E+00
exp 6021  0.0000E+00

KNOT1
tra 6003  0.0000E+00  0.0000E+00  0.0000E+00
rot 6028  0.0000E+00  0.0000E+00  0.0000E+00
exp 6029  0.0000E+00

KNOT1
tra 6004  0.0000E+00  0.0000E+00  0.0000E+00
rot 6036  0.0000E+00  0.0000E+00  0.0000E+00
exp 6037  0.0000E+00

KNOT1
tra 6005  0.0000E+00  0.0000E+00  0.0000E+00
rot 6044  0.0000E+00  0.0000E+00  0.0000E+00
exp 6045  0.0000E+00

KNOT1
tra 6006  0.0000E+00  0.0000E+00  0.0000E+00
rot 6052  0.0000E+00  0.0000E+00  0.0000E+00
exp 6053  0.0000E+00

KNOT1
tra 6007  0.0000E+00  0.0000E+00  0.0000E+00
rot 6060  0.0000E+00  0.0000E+00  0.0000E+00
exp 6061  0.0000E+00

KNOT1
tra 6008  0.0000E+00  0.0000E+00  0.0000E+00
rot 6068  0.0000E+00  0.0000E+00  0.0000E+00
exp 6069  0.0000E+00

 displacements (vx,vy,vz) for set NBALLALL and time  0.1000000E-02

         1  1.000000E-01  6.343200E-19 -4.769806E-03
         2  1.000000E-01  1.128663E-18 -4.769806E-03
         3  1.000000E-01  1.242140E-18 -4.769806E-03
         4  1.000000E-01 -1.807727E-20 -4.769806E-03
         5  1.000000E-01 -1.348380E-18 -4.769806E-03
         6  1.000000E-01  3.574388E-19 -4.769806E-03
         7  1.000000E-01 -6.100169E-19 -4.769806E-03
         8  1.000000E-01 -9.399967E-19 -4.769806E-03
         9  1.000000E-01 -5.259469E-20 -4.769806E-03
        10  1.000000E-01  6.158849E-19 -4.769806E-03
        11  1.000000E-01 -8.170194E-19 -4.769806E-03
        12  1.000000E-01 -1.802329E-18 -4.769806E-03
        13  1.000000E-01  9.160152E-19 -4.769806E-03
        14  1.000000E-01 -6.408496E-19 -4.769806E-03
        15  1.000000E-01 -1.805429E-18 -4.769806E-03
        16  1.000000E-01  7.033848E-19 -4.769806E-03
        17  1.000000E-01 -1.474170E-18 -4.769806E-03
        18  1.000000E-01  1.010924E-18 -4.769806E-03
        19  1.000000E-01  2.269045E-18 -4.769806E-03
        20  1.000000E-01  4.892760E-20 -4.769806E-03
        21  1.000000E-01 -6.800527E-19 -4.769806E-03
        22  1.000000E-01  1.431868E-18 -4.769806E-03
        23  1.000000E-01 -1.038718E-18 -4.769806E-03
        24  1.000000E-01 -1.133371E-18 -4.769806E-03
        25  1.000000E-01 -9.873069E-19 -4.769806E-03
        26  1.000000E-01 -5.200422E-19 -4.769806E-03
        27  1.000000E-01  4.595971E-19 -4.769806E-03
        28  1.000000E-01 -1.884718E-18 -4.769806E-03
        29  1.000000E-01 -8.786375E-19 -4.769806E-03
        30  1.000000E-01 -3.463004E-18 -4.769806E-03
        31  1.000000E-01  8.193332E-20 -4.769806E-03
        32  1.000000E-01 -1.725683E-18 -4.769806E-03
        33  1.000000E-01 -1.572786E-18 -4.769806E-03
        34  1.000000E-01 -8.638356E-19 -4.769806E-03
        35  1.000000E-01 -5.708639E-20 -4.769806E-03
        36  1.000000E-01  3.361863E-19 -4.769806E-03
        37  1.000000E-01 -2.004312E-18 -4.769806E-03
        38  1.000000E-01 -1.006746E-18 -4.769806E-03
        39  1.000000E-01 -4.809733E-19 -4.769806E-03
        40  1.000000E-01 -1.561037E-18 -4.769806E-03
        41  1.000000E-01 -5.846266E-19 -4.769806E-03
        42  1.000000E-01  1.922563E-19 -4.769806E-03
        43  1.000000E-01 -1.827689E-19 -4.769806E-03
        44  1.000000E-01  1.298970E-18 -4.769806E-03
        45  1.000000E-01 -6.739945E-19 -4.769806E-03
        46  1.000000E-01 -9.493365E-19 -4.769806E-03
        47  1.000000E-01 -1.039942E-18 -4.769806E-03
        48  1.000000E-01 -1.739255E-18 -4.769806E-03
        49  1.000000E-01 -6.584367E-19 -4.769806E-03
        50  1.000000E-01 -3.657045E-19 -4.769806E-03
        51  1.000000E-01 -5.492835E-19 -4.769806E-03
        52  1.000000E-01  4.736906E-19 -4.769806E-03
        53  1.000000E-01  1.769272E-18 -4.769806E-03
        54  1.000000E-01 -3.919226E-19 -4.769806E-03
        55  1.000000E-01  3.559255E-19 -4.769806E-03
        56  1.000000E-01 -2.494412E-19 -4.769806E-03
        57  1.000000E-01 -1.240664E-18 -4.769806E-03
        58  1.000000E-01 -1.187772E-18 -4.769806E-03
        59  1.000000E-01 -1.966715E-19 -4.769806E-03
        60  1.000000E-01 -1.284513E-18 -4.769806E-03
        61  1.000000E-01  1.611171E-20 -4.769806E-03
        62  1.000000E-01 -5.630837E-19 -4.769806E-03
        63  1.000000E-01 -1.986401E-18 -4.769806E-03
        64  1.000000E-01 -1.092001E-18 -4.769806E-03
        65  1.000000E-01 -6.705864E-19 -4.769806E-03
        66  1.000000E-01 -6.406149E-19 -4.769806E-03
        67  1.000000E-01 -1.274656E-19 -4.769806E-03
        68  1.000000E-01  6.619127E-19 -4.769806E-03
        69  1.000000E-01 -2.148649E-20 -4.769806E-03
        70  1.000000E-01 -1.585748E-18 -4.769806E-03
        71  1.000000E-01 -6.322749E-19 -4.769806E-03
        72  1.000000E-01  1.225177E-18 -4.769806E-03
        73  1.000000E-01  9.866155E-19 -4.769806E-03
        74  1.000000E-01 -1.941894E-18 -4.769806E-03
        75  1.000000E-01 -2.782642E-20 -4.769806E-03
        76  1.000000E-01 -6.463681E-19 -4.769806E-03
        77  1.000000E-01 -4.279026E-18 -4.769806E-03
        78  1.000000E-01 -4.065836E-18 -4.769806E-03
        79  1.000000E-01 -1.774628E-18 -4.769806E-03
        80  1.000000E-01 -3.895971E-18 -4.769806E-03
        81  1.000000E-01 -2.974181E-18 -4.769806E-03
        82  1.000000E-01 -5.740858E-19 -4.769806E-03
        83  1.000000E-01 -1.571449E-18 -4.769806E-03
        84  1.000000E-01 -1.497919E-18 -4.769806E-03
        85  1.000000E-01 -1.999186E-18 -4.769806E-03
        86  1.000000E-01 -2.564868E-18 -4.769806E-03
        87  1.000000E-01 -5.174166E-19 -4.769806E-03
        88  1.000000E-01 -1.622448E-18 -4.769806E-03
        89  1.000000E-01  4.605542E-20 -4.769806E-03
        90  1.000000E-01 -1.362453E-18 -4.769806E-03
        91  1.000000E-01 -2.387101E-18 -4.769806E-03
        92  1.000000E-01 -2.946447E-18 -4.769806E-03
        93  1.000000E-01 -6.019592E-19 -4.769806E-03
        94  1.000000E-01 -1.800975E-18 -4.769806E-03
        95  1.000000E-01  5.106475E-19 -4.769806E-03
        96  1.000000E-01  1.646742E-18 -4.769806E-03
        97  1.000000E-01  9.568889E-20 -4.769806E-03
        98  1.000000E-01 -1.376817E-18 -4.769806E-03
        99  1.000000E-01 -1.924168E-19 -4.769806E-03
       100  1.000000E-01 -1.426418E-18 -4.769806E-03
       101  1.000000E-01  6.285601E-19 -4.769806E-03
       102  1.000000E-01  5.631925E-19 -4.769806E-03
       103  1.000000E-01 -1.073285E-18 -4.769806E-03
       104  1.000000E-01 -1.552481E-18 -4.769806E-03
       105  1.000000E-01 -8.143037E-19 -4.769806E-03
       106  1.000000E-01  3.109084E-19 -4.769806E-03
       107  1.000000E-01 -5.553092E-19 -4.769806E-03
       108  1.000000E-01  1.436038E-18 -4.769806E-03
       109  1.000000E-01  5.658162E-19 -4.769806E-03
       110  1.000000E-01 -1.382963E-18 -4.769806E-03
       111  1.000000E-01  6.455176E-19 -4.769806E-03
       112  1.000000E-01  1.470672E-19 -4.769806E-03
       113  1.000000E-01 -1.102857E-18 -4.769806E-03
       114  1.000000E-01  3.657903E-19 -4.769806E-03
       115  1.000000E-01 -2.652100E-18 -4.769806E-03
       116  1.000000E-01 -9.888193E-19 -4.769806E-03
       117  1.000000E-01  4.614438E-19 -4.769806E-03
       118  1.000000E-01  3.587508E-19 -4.769806E-03
       119  1.000000E-01 -1.568794E-18 -4.769806E-03
       120  1.000000E-01 -1.399013E-18 -4.769806E-03
       121  1.000000E-01 -5.058129E-19 -4.769806E-03
       122  1.000000E-01 -1.185990E-18 -4.769806E-03
       123  1.000000E-01  5.418939E-19 -4.769806E-03
       124  1.000000E-01 -9.163519E-19 -4.769806E-03
       125  1.000000E-01  5.651790E-19 -4.769806E-03
       126  1.000000E-01 -1.505524E-18 -4.769806E-03
       127  1.000000E-01  9.935845E-19 -4.769806E-03
       128  1.000000E-01 -8.166421E-19 -4.769806E-03
       129  1.000000E-01 -1.549749E-18 -4.769806E-03
       130  1.000000E-01 -1.080817E-18 -4.769806E-03
       131  1.000000E-01 -1.173739E-18 -4.769806E-03
       132  1.000000E-01  1.187877E-18 -4.769806E-03
       133  1.000000E-01  2.225390E-18 -4.769806E-03
       134  1.000000E-01 -4.787072E-19 -4.769806E-03
       135  1.000000E-01 -1.237826E-19 -4.769806E-03
       136  1.000000E-01 -8.566461E-20 -4.769806E-03
       137  1.000000E-01 -8.269707E-19 -4.769806E-03
       138  1.000000E-01 -9.887261E-19 -4.769806E-03
       139  1.000000E-01 -2.390278E-18 -4.769806E-03
       140  1.000000E-01 -4.195890E-19 -4.769806E-03
       141  1.000000E-01  1.000254E-18 -4.769806E-03
       142  1.000000E-01  4.721343E-18 -4.769806E-03
       143  1.000000E-01 -1.616356E-18 -4.769806E-03
       144  1.000000E-01 -2.940833E-19 -4.769806E-03
       145  1.000000E-01 -2.490485E-20 -4.769806E-03
       146  1.000000E-01 -6.208717E-19 -4.769806E-03
       147  1.000000E-01 -5.940783E-19 -4.769806E-03
       148  1.000000E-01 -1.649321E-18 -4.769806E-03
       149  1.000000E-01  1.305867E-18 -4.769806E-03
       150  1.000000E-01 -3.475608E-19 -4.769806E-03
       151  1.000000E-01 -3.892755E-18 -4.769806E-03
       152  1.000000E-01 -4.202004E-18 -4.769806E-03
       153  1.000000E-01  4.647259E-19 -4.769806E-03
       154  1.000000E-01 -1.786533E-18 -4.769806E-03
       155  1.000000E-01 -1.792733E-18 -4.769806E-03
       156  1.000000E-01 -1.827652E-18 -4.769806E-03
       157  1.000000E-01  1.355885E-18 -4.769806E-03
       158  1.000000E-01 -1.450871E-18 -4.769806E-03
       159  1.000000E-01 -1.748993E-18 -4.769806E-03
       160  1.000000E-01 -1.521292E-18 -4.769806E-03
       161  1.000000E-01 -1.332570E-18 -4.769806E-03
       162  1.000000E-01  1.813463E-18 -4.769806E-03
       163  1.000000E-01 -2.625178E-18 -4.769806E-03
       164  1.000000E-01 -8.035717E-20 -4.769806E-03
       165  1.000000E-01  6.237841E-20 -4.769806E-03
       166  1.000000E-01 -7.578706E-19 -4.769806E-03
       167  1.000000E-01 -1.352698E-18 -4.769806E-03
       168  1.000000E-01  6.846663E-19 -4.769806E-03
       169  1.000000E-01  7.753844E-19 -4.769806E-03
       170  1.000000E-01 -1.256103E-19 -4.769806E-03
       171  1.000000E-01  7.077044E-19 -4.769806E-03
       172  1.000000E-01  1.990064E-19 -4.769806E-03
       173  1.000000E-01  5.590944E-19 -4.769806E-03
       174  1.000000E-01 -2.670112E-18 -4.769806E-03
       175  1.000000E-01  9.146816E-20 -4.769806E-03
       176  1.000000E-01  1.704449E-19 -4.769806E-03
       177  1.000000E-01 -2.572490E-19 -4.769806E-03
       178  1.000000E-01  1.162163E-19 -4.769806E-03
       179  1.000000E-01 -8.657934E-20 -4.769806E-03
       180  1.000000E-01 -5.149624E-19 -4.769806E-03
       181  1.000000E-01  7.540252E-19 -4.769806E-03
       182  1.000000E-01 -7.980108E-19 -4.769806E-03
       183  1.000000E-01 -1.261194E-18 -4.769806E-03
       184  1.000000E-01 -1.214967E-19 -4.769806E-03
       185  1.000000E-01 -2.359004E-19 -4.769806E-03
       186  1.000000E-01 -7.556970E-19 -4.769806E-03
       187  1.000000E-01  9.182816E-19 -4.769806E-03
       188  1.000000E-01 -9.959602E-19 -4.769806E-03
       189  1.000000E-01  3.152534E-18 -4.769806E-03
       190  1.000000E-01 -3.850405E-19 -4.769806E-03
       191  1.000000E-01  7.093104E-19 -4.769806E-03
       192  1.000000E-01 -9.614783E-20 -4.769806E-03
       193  1.000000E-01 -2.119954E-20 -4.769806E-03
       194  1.000000E-01 -3.136963E-18 -4.769806E-03
       195  1.000000E-01 -1.846080E-18 -4.769806E-03
       196  1.000000E-01  4.526562E-19 -4.769806E-03
       197  1.000000E-01 -1.608422E-18 -4.769806E-03
       198  1.000000E-01  8.429235E-19 -4.769806E-03
       199  1.000000E-01 -2.350162E-18 -4.769806E-03
       200  1.000000E-01 -9.880443E-19 -4.769806E-03
       201  1.000000E-01 -7.391807E-19 -4.769806E-03
       202  1.000000E-01 -7.057976E-20 -4.769806E-03
       203  1.000000E-01 -1.019977E-18 -4.769806E-03
       204  1.000000E-01 -1.410440E-18 -4.769806E-03
       205  1.000000E-01 -2.157464E-18 -4.769806E-03
       206  1.000000E-01 -1.019283E-18 -4.769806E-03
       207  1.000000E-01  4.771315E-19 -4.769806E-03
       208  1.000000E-01 -2.322461E-18 -4.769806E-03
       209  1.000000E-01 -2.203818E-19 -4.769806E-03
       210  1.000000E-01 -2.147467E-18 -4.769806E-03
       211  1.000000E-01 -1.049187E-18 -4.769806E-03
       212  1.000000E-01 -1.068077E-18 -4.769806E-03
       213  1.000000E-01 -4.909406E-19 -4.769806E-03
       214  1.000000E-01 -1.313894E-18 -4.769806E-03
       215  1.000000E-01 -1.649086E-18 -4.769806E-03
       216  1.000000E-01 -2.520176E-18 -4.769806E-03
       217  1.000000E-01  7.236206E-19 -4.769806E-03
       218  1.000000E-01 -4.065997E-19 -4.769806E-03
       219  1.000000E-01 -1.232388E-19 -4.769806E-03
       220  1.000000E-01 -6.035266E-19 -4.769806E-03
       221  1.000000E-01 -7.906879E-19 -4.769806E-03
       222  1.000000E-01 -6.218591E-19 -4.769806E-03
       223  1.000000E-01 -1.735526E-18 -4.769806E-03
       224  1.000000E-01 -2.160139E-19 -4.769806E-03
       225  1.000000E-01  1.673280E-19 -4.769806E-03
       226  1.000000E-01  1.290176E-18 -4.769806E-03
       227  1.000000E-01 -1.581845E-18 -4.769806E-03
       228  1.000000E-01  6.154380E-19 -4.769806E-03
       229  1.000000E-01  4.392284E-19 -4.769806E-03
       230  1.000000E-01  1.170937E-18 -4.769806E-03
       231  1.000000E-01 -2.856794E-18 -4.769806E-03
       232  1.000000E-01 -4.394227E-19 -4.769806E-03
       233  1.000000E-01 -5.496917E-19 -4.769806E-03
       234  1.000000E-01 -3.405663E-18 -4.769806E-03
       235  1.000000E-01  7.078157E-19 -4.769806E-03
       236  1.000000E-01 -9.362708E-19 -4.769806E-03
       237  1.000000E-01 -2.650054E-19 -4.769806E-03
       238  1.000000E-01  7.585432E-19 -4.769806E-03
       239  1.000000E-01 -1.047135E-19 -4.769806E-03
       240  1.000000E-01  2.909076E-19 -4.769806E-03
       241  1.000000E-01  3.890193E-19 -4.769806E-03
       242  1.000000E-01 -3.550979E-19 -4.769806E-03
       243  1.000000E-01 -1.578966E-20 -4.769806E-03
       244  1.000000E-01 -1.747759E-19 -4.769806E-03
       245  1.000000E-01 -1.258500E-18 -4.769806E-03
       246  1.000000E-01  7.197272E-19 -4.769806E-03
       247  1.000000E-01 -2.544943E-19 -4.769806E-03
       248  1.000000E-01 -1.169039E-18 -4.769806E-03
       249  1.000000E-01 -9.390220E-19 -4.769806E-03
       250  1.000000E-01  5.831496E-19 -4.769806E-03
       251  1.000000E-01 -2.165101E-18 -4.769806E-03
       252  1.000000E-01 -1.192117E-18 -4.769806E-03
       253  1.000000E-01  1.122982E-18 -4.769806E-03
       254  1.000000E-01  7.331867E-19 -4.769806E-03
       255  1.000000E-01 -6.801974E-19 -4.769806E-03
       256  1.000000E-01 -9.831882E-19 -4.769806E-03
       257  1.000000E-01 -1.495698E-19 -4.769806E-03
       258  1.000000E-01 -1.541808E-18 -4.769806E-03
       259  1.000000E-01  1.264556E-18 -4.769806E-03
       260  1.000000E-01 -6.389738E-19 -4.769806E-03
       261  1.000000E-01 -1.196278E-18 -4.769806E-03
       262  1.000000E-01  1.440712E-18 -4.769806E-03
       263  1.000000E-01 -6.629569E-19 -4.769806E-03
       264  1.000000E-01 -1.930325E-18 -4.769806E-03
       265  1.000000E-01 -1.717509E-18 -4.769806E-03
       266  1.000000E-01 -1.623193E-18 -4.769806E-03
       267  1.000000E-01  1.233241E-18 -4.769806E-03
       268  1.000000E-01  2.920174E-19 -4.769806E-03
       269  1.000000E-01  1.158388E-18 -4.769806E-03
       270  1.000000E-01 -1.360169E-18 -4.769806E-03
       271  1.000000E-01 -8.960561E-19 -4.769806E-03
       272  1.000000E-01 -1.647967E-18 -4.769806E-03
       273  1.000000E-01  3.642728E-19 -4.769806E-03
       274  1.000000E-01 -7.177869E-19 -4.769806E-03
       275  1.000000E-01 -8.642213E-19 -4.769806E-03
       276  1.000000E-01 -2.041193E-18 -4.769806E-03
       277  1.000000E-01 -1.105493E-18 -4.769806E-03
       278  1.000000E-01 -1.252581E-18 -4.769806E-03
       279  1.000000E-01 -8.301872E-19 -4.769806E-03
       280  1.000000E-01 -2.845741E-18 -4.769806E-03
       281  1.000000E-01 -1.088564E-18 -4.769806E-03
       282  1.000000E-01  6.521997E-19 -4.769806E-03
       283  1.000000E-01 -2.352314E-18 -4.769806E-03
       284  1.000000E-01 -1.671761E-18 -4.769806E-03
       285  1.000000E-01 -4.751646E-19 -4.769806E-03
       286  1.000000E-01 -9.019890E-19 -4.769806E-03
       287  1.000000E-01 -2.431999E-18 -4.769806E-03
       288  1.000000E-01 -3.440210E-18 -4.769806E-03
       289  1.000000E-01 -4.008991E-18 -4.769806E-03
       290  1.000000E-01 -1.454397E-18 -4.769806E-03
       291  1.000000E-01 -3.528449E-18 -4.769806E-03
       292  1.000000E-01 -6.652925E-19 -4.769806E-03
       293  1.000000E-01 -1.148486E-18 -4.769806E-03
       294  1.000000E-01 -3.492058E-19 -4.769806E-03
       295  1.000000E-01 -2.309867E-18 -4.769806E-03
       296  1.000000E-01 -2.844828E-18 -4.769806E-03
       297  1.000000E-01 -2.214313E-19 -4.769806E-03
       298  1.000000E-01 -1.559744E-18 -4.769806E-03
       299  1.000000E-01 -3.032627E-18 -4.769806E-03
       300  1.000000E-01 -1.398956E-18 -4.769806E-03
       301  1.000000E-01 -7.484712E-19 -4.769806E-03
       302  1.000000E-01  8.888065E-19 -4.769806E-03
       303  1.000000E-01 -1.224102E-18 -4.769806E-03
       304  1.000000E-01 -1.346455E-20 -4.769806E-03
       305  1.000000E-01  7.190074E-19 -4.769806E-03
       306  1.000000E-01 -1.201173E-18 -4.769806E-03
       307  1.000000E-01 -2.645493E-19 -4.769806E-03
       308  1.000000E-01 -1.181466E-18 -4.769806E-03
       309  1.000000E-01 -6.860355E-19 -4.769806E-03
       310  1.000000E-01  9.008807E-19 -4.769806E-03
       311  1.000000E-01 -6.289648E-19 -4.769806E-03
       312  1.000000E-01 -2.863905E-19 -4.769806E-03
       313  1.000000E-01 -1.469779E-18 -4.769806E-03
       314  1.000000E-01  3.138002E-19 -4.769806E-03
       315  1.000000E-01 -1.932015E-18 -4.769806E-03
       316  1.000000E-01  1.150692E-18 -4.769806E-03
       317  1.000000E-01  9.961639E-20 -4.769806E-03
       318  1.000000E-01 -9.044609E-19 -4.769806E-03
       319  1.000000E-01 -1.832206E-19 -4.769806E-03
       320  1.000000E-01  4.133027E-19 -4.769806E-03
       321  1.000000E-01 -1.207410E-18 -4.769806E-03
       322  1.000000E-01 -4.515804E-19 -4.769806E-03
       323  1.000000E-01 -1.214589E-18 -4.769806E-03
       324  1.000000E-01 -9.730136E-19 -4.769806E-03
       325  1.000000E-01  2.877267E-19 -4.769806E-03
       326  1.000000E-01 -1.288326E-19 -4.769806E-03
       327  1.000000E-01  1.071652E-19 -4.769806E-03
       328  1.000000E-01  1.971902E-18 -4.769806E-03
       329  1.000000E-01 -3.326082E-19 -4.769806E-03
       330  1.000000E-01  4.682506E-19 -4.769806E-03
       331  1.000000E-01  9.005428E-19 -4.769806E-03
       332  1.000000E-01  3.437875E-18 -4.769806E-03
       333  1.000000E-01 -8.827531E-20 -4.769806E-03
       334  1.000000E-01 -5.259081E-19 -4.769806E-03
       335  1.000000E-01  1.241287E-18 -4.769806E-03
       336  1.000000E-01 -1.428660E-19 -4.769806E-03
       337  1.000000E-01 -3.783742E-19 -4.769806E-03
       338  1.000000E-01 -1.778566E-18 -4.769806E-03
       339  1.000000E-01  4.448060E-19 -4.769806E-03
       340  1.000000E-01  6.099462E-19 -4.769806E-03
       341  1.000000E-01 -1.764233E-19 -4.769806E-03
       342  1.000000E-01 -7.596998E-19 -4.769806E-03
       343  1.000000E-01 -2.576814E-18 -4.769806E-03
       344  1.000000E-01 -1.068860E-18 -4.769806E-03
       345  1.000000E-01 -7.396360E-19 -4.769806E-03
       346  1.000000E-01 -1.455704E-18 -4.769806E-03
       347  1.000000E-01  2.793720E-19 -4.769806E-03
       348  1.000000E-01 -2.012201E-18 -4.769806E-03
       349  1.000000E-01 -3.721884E-18 -4.769806E-03
       350  1.000000E-01 -1.420006E-18 -4.769806E-03
       351  1.000000E-01 -6.354084E-19 -4.769806E-03
       352  1.000000E-01  2.343222E-18 -4.769806E-03
       353  1.000000E-01 -3.804628E-18 -4.769806E-03
       354  1.000000E-01 -2.620879E-18 -4.769806E-03
       355  1.000000E-01 -1.346920E-18 -4.769806E-03
       356  1.000000E-01 -6.800302E-19 -4.769806E-03
       357  1.000000E-01 -1.010610E-18 -4.769806E-03
       358  1.000000E-01 -1.699968E-18 -4.769806E-03
       359  1.000000E-01 -1.884830E-19 -4.769806E-03
       360  1.000000E-01 -8.183530E-19 -4.769806E-03
       361  1.000000E-01 -1.195018E-18 -4.769806E-03
       362  1.000000E-01 -2.037670E-18 -4.769806E-03
       363  1.000000E-01  6.676003E-19 -4.769806E-03
       364  1.000000E-01 -2.871737E-18 -4.769806E-03
       365  1.000000E-01 -2.004017E-18 -4.769806E-03
       366  1.000000E-01 -3.525647E-18 -4.769806E-03
       367  1.000000E-01 -1.409230E-18 -4.769806E-03
       368  1.000000E-01 -2.441413E-18 -4.769806E-03
       369  1.000000E-01 -2.263286E-18 -4.769806E-03
       370  1.000000E-01 -2.922809E-18 -4.769806E-03
       371  1.000000E-01  4.539413E-19 -4.769806E-03
       372  1.000000E-01 -6.787505E-19 -4.769806E-03
       373  1.000000E-01 -2.650498E-18 -4.769806E-03
       374  1.000000E-01 -3.687166E-18 -4.769806E-03
       375  1.000000E-01 -1.022402E-18 -4.769806E-03
       376  1.000000E-01 -1.477842E-18 -4.769806E-03
       377  1.000000E-01  8.965915E-19 -4.769806E-03
       378  1.000000E-01 -5.857402E-19 -4.769806E-03
       379  1.000000E-01 -1.508935E-18 -4.769806E-03
       380  1.000000E-01  3.935517E-19 -4.769806E-03
       381  1.000000E-01  2.556034E-19 -4.769806E-03
       382  1.000000E-01  1.069683E-18 -4.769806E-03
       383  1.000000E-01  3.540938E-19 -4.769806E-03
       384  1.000000E-01 -6.063231E-19 -4.769806E-03
       385  1.000000E-01  1.210207E-18 -4.769806E-03
       386  1.000000E-01 -9.638827E-19 -4.769806E-03
       387  1.000000E-01  7.456618E-19 -4.769806E-03
       388  1.000000E-01  6.834156E-19 -4.769806E-03
       389  1.000000E-01 -3.062207E-19 -4.769806E-03
       390  1.000000E-01 -1.884713E-19 -4.769806E-03
       391  1.000000E-01 -3.454371E-19 -4.769806E-03
       392  1.000000E-01  5.842882E-19 -4.769806E-03
       393  1.000000E-01 -3.060471E-19 -4.769806E-03
       394  1.000000E-01  1.414259E-18 -4.769806E-03
       395  1.000000E-01  4.042164E-19 -4.769806E-03
       396  1.000000E-01 -2.945448E-19 -4.769806E-03
       397  1.000000E-01 -6.036776E-19 -4.769806E-03
       398  1.000000E-01  1.731000E-18 -4.769806E-03
       399  1.000000E-01 -6.249342E-20 -4.769806E-03
       400  1.000000E-01  1.013833E-18 -4.769806E-03
       401  1.000000E-01 -1.232617E-18 -4.769806E-03
       402  1.000000E-01 -1.513625E-18 -4.769806E-03
       403  1.000000E-01 -2.472544E-19 -4.769806E-03
       404  1.000000E-01 -3.924478E-19 -4.769806E-03
       405  1.000000E-01  1.681479E-19 -4.769806E-03
       406  1.000000E-01 -5.741367E-19 -4.769806E-03
       407  1.000000E-01 -1.813498E-18 -4.769806E-03
       408  1.000000E-01 -3.814358E-18 -4.769806E-03
       409  1.000000E-01 -7.713305E-19 -4.769806E-03
       410  1.000000E-01 -6.935330E-19 -4.769806E-03
       411  1.000000E-01 -2.168030E-18 -4.769806E-03
       412  1.000000E-01 -2.185429E-18 -4.769806E-03
       413  1.000000E-01 -1.707859E-18 -4.769806E-03
       414  1.000000E-01 -2.202029E-18 -4.769806E-03
       415  1.000000E-01  6.095458E-19 -4.769806E-03
       416  1.000000E-01 -2.701638E-18 -4.769806E-03
       417  1.000000E-01 -4.697767E-18 -4.769806E-03
       418  1.000000E-01 -1.546245E-18 -4.769806E-03
       419  1.000000E-01 -2.908272E-18 -4.769806E-03
       420  1.000000E-01 -3.634525E-19 -4.769806E-03
       421  1.000000E-01 -1.173774E-18 -4.769806E-03
       422  1.000000E-01 -3.514625E-18 -4.769806E-03
       423  1.000000E-01 -2.124475E-18 -4.769806E-03
       424  1.000000E-01 -1.382878E-18 -4.769806E-03
       425  1.000000E-01 -1.279024E-18 -4.769806E-03
       426  1.000000E-01 -2.266416E-18 -4.769806E-03
       427  1.000000E-01 -1.699660E-18 -4.769806E-03
       428  1.000000E-01 -1.897254E-18 -4.769806E-03
       429  1.000000E-01 -1.067155E-18 -4.769806E-03
       430  1.000000E-01 -9.745192E-19 -4.769806E-03
       431  1.000000E-01 -2.177129E-18 -4.769806E-03
       432  1.000000E-01 -1.578611E-18 -4.769806E-03
       433  1.000000E-01 -2.678291E-18 -4.769806E-03
       434  1.000000E-01 -3.958876E-18 -4.769806E-03
       435  1.000000E-01 -2.673716E-18 -4.769806E-03
       436  1.000000E-01 -2.470100E-18 -4.769806E-03
       437  1.000000E-01 -1.521672E-18 -4.769806E-03
       438  1.000000E-01 -2.718110E-18 -4.769806E-03
       439  1.000000E-01 -3.942803E-18 -4.769806E-03
       440  1.000000E-01 -2.510447E-19 -4.769806E-03
       441  1.000000E-01  2.949260E-19 -4.769806E-03
       442  1.000000E-01 -1.808511E-18 -4.769806E-03
       443  1.000000E-01 -1.853221E-18 -4.769806E-03
       444  1.000000E-01 -3.242338E-18 -4.769806E-03
       445  1.000000E-01 -2.866919E-18 -4.769806E-03
       446  1.000000E-01  4.489538E-19 -4.769806E-03
       447  1.000000E-01  1.197669E-18 -4.769806E-03
       448  1.000000E-01 -1.085044E-18 -4.769806E-03
       449  1.000000E-01 -8.332558E-19 -4.769806E-03
       450  1.000000E-01  4.939622E-19 -4.769806E-03
       451  1.000000E-01 -1.166606E-18 -4.769806E-03
       452  1.000000E-01  3.861467E-19 -4.769806E-03
       453  1.000000E-01 -8.017965E-19 -4.769806E-03
       454  1.000000E-01  3.047807E-18 -4.769806E-03
       455  1.000000E-01 -1.243711E-18 -4.769806E-03
       456  1.000000E-01 -7.909066E-19 -4.769806E-03
       457  1.000000E-01 -4.073552E-19 -4.769806E-03
       458  1.000000E-01 -5.083442E-19 -4.769806E-03
       459  1.000000E-01 -2.328934E-19 -4.769806E-03
       460  1.000000E-01 -1.518908E-19 -4.769806E-03
       461  1.000000E-01 -1.303552E-18 -4.769806E-03
       462  1.000000E-01  8.714691E-19 -4.769806E-03
       463  1.000000E-01 -1.882714E-18 -4.769806E-03
       464  1.000000E-01 -1.013073E-18 -4.769806E-03
       465  1.000000E-01  2.250988E-19 -4.769806E-03
       466  1.000000E-01 -1.001647E-18 -4.769806E-03
       467  1.000000E-01 -1.880329E-18 -4.769806E-03
       468  1.000000E-01  2.698855E-18 -4.769806E-03
       469  1.000000E-01 -2.944884E-18 -4.769806E-03
       470  1.000000E-01  2.504487E-19 -4.769806E-03
       471  1.000000E-01 -1.478412E-19 -4.769806E-03
       472  1.000000E-01 -5.313953E-19 -4.769806E-03
       473  1.000000E-01 -6.572421E-19 -4.769806E-03
       474  1.000000E-01  8.313418E-19 -4.769806E-03
       475  1.000000E-01 -1.220030E-18 -4.769806E-03
       476  1.000000E-01 -1.362466E-18 -4.769806E-03
       477  1.000000E-01 -1.367510E-18 -4.769806E-03
       478  1.000000E-01 -2.015773E-18 -4.769806E-03
       479  1.000000E-01 -1.132537E-18 -4.769806E-03
       480  1.000000E-01 -1.192624E-18 -4.769806E-03
       481  1.000000E-01 -2.409243E-19 -4.769806E-03
       482  1.000000E-01 -5.238368E-19 -4.769806E-03
       483  1.000000E-01 -1.078923E-18 -4.769806E-03
       484  1.000000E-01 -2.345762E-19 -4.769806E-03
       485  1.000000E-01 -4.795573E-19 -4.769806E-03
       486  1.000000E-01  4.534901E-19 -4.769806E-03
       487  1.000000E-01 -2.708010E-18 -4.769806E-03
       488  1.000000E-01 -7.838845E-19 -4.769806E-03
       489  1.000000E-01 -2.624953E-18 -4.769806E-03
       490  1.000000E-01 -2.989067E-18 -4.769806E-03
       491  1.000000E-01 -2.716313E-18 -4.769806E-03
       492  1.000000E-01 -2.929012E-18 -4.769806E-03
       493  1.000000E-01 -3.207724E-18 -4.769806E-03
       494  1.000000E-01 -2.337329E-18 -4.769806E-03
       495  1.000000E-01 -2.194310E-18 -4.769806E-03
       496  1.000000E-01 -6.611829E-19 -4.769806E-03
       497  1.000000E-01  6.624855E-19 -4.769806E-03
       498  1.000000E-01 -3.128493E-18 -4.769806E-03
       499  1.000000E-01 -7.715079E-19 -4.769806E-03
       500  1.000000E-01 -2.276574E-18 -4.769806E-03
       501  1.000000E-01  1.006213E-18 -4.769806E-03
       502  1.000000E-01 -5.135346E-18 -4.769806E-03
       503  1.000000E-01 -1.114517E-18 -4.769806E-03
       504  1.000000E-01 -1.896524E-18 -4.769806E-03
       505  1.000000E-01 -2.583468E-18 -4.769806E-03
       506  1.000000E-01 -1.408708E-18 -4.769806E-03
       507  1.000000E-01 -6.572698E-19 -4.769806E-03
       508  1.000000E-01 -4.039308E-18 -4.769806E-03
       509  1.000000E-01 -3.912220E-18 -4.769806E-03
       510  1.000000E-01 -4.673934E-18 -4.769806E-03
       511  1.000000E-01 -4.466248E-19 -4.769806E-03
       512  1.000000E-01 -6.092397E-19 -4.769806E-03
       513  1.000000E-01 -1.592495E-18 -4.769806E-03
       514  1.000000E-01 -4.050084E-18 -4.769806E-03
       515  1.000000E-01 -5.318461E-18 -4.769806E-03
       516  1.000000E-01  5.353320E-19 -4.769806E-03
       517  1.000000E-01 -1.699599E-18 -4.769806E-03
       518  1.000000E-01 -2.462636E-19 -4.769806E-03
       519  1.000000E-01 -9.842453E-20 -4.769806E-03
       520  1.000000E-01 -4.048179E-19 -4.769806E-03
       521  1.000000E-01 -3.112287E-19 -4.769806E-03
       522  1.000000E-01 -1.959234E-18 -4.769806E-03
       523  1.000000E-01 -1.974066E-19 -4.769806E-03
       524  1.000000E-01  1.580234E-20 -4.769806E-03
       525  1.000000E-01 -2.017679E-18 -4.769806E-03
       526  1.000000E-01 -5.243276E-19 -4.769806E-03
       527  1.000000E-01  1.439776E-18 -4.769806E-03
       528  1.000000E-01 -6.406886E-19 -4.769806E-03
       529  1.000000E-01  2.170207E-21 -4.769806E-03
       530  1.000000E-01 -1.173638E-18 -4.769806E-03
       531  1.000000E-01 -2.818759E-18 -4.769806E-03
       532  1.000000E-01  3.109752E-19 -4.769806E-03
       533  1.000000E-01  1.275137E-18 -4.769806E-03
       534  1.000000E-01  6.502171E-19 -4.769806E-03
       535  1.000000E-01 -8.197207E-19 -4.769806E-03
       536  1.000000E-01 -3.617642E-19 -4.769806E-03
       537  1.000000E-01 -4.110100E-19 -4.769806E-03
       538  1.000000E-01 -6.428343E-19 -4.769806E-03
       539  1.000000E-01  1.193794E-18 -4.769806E-03
       540  1.000000E-01  5.004543E-19 -4.769806E-03
       541  1.000000E-01 -2.012682E-19 -4.769806E-03
       542  1.000000E-01 -3.034449E-19 -4.769806E-03
       543  1.000000E-01  2.464703E-18 -4.769806E-03
       544  1.000000E-01 -4.220366E-19 -4.769806E-03
       545  1.000000E-01 -2.621660E-19 -4.769806E-03
       546  1.000000E-01 -1.016523E-18 -4.769806E-03
       547  1.000000E-01 -8.423612E-19 -4.769806E-03
       548  1.000000E-01 -2.538067E-18 -4.769806E-03
       549  1.000000E-01 -2.413358E-18 -4.769806E-03
       550  1.000000E-01 -2.198685E-18 -4.769806E-03
       551  1.000000E-01 -1.448985E-18 -4.769806E-03
       552  1.000000E-01 -3.190586E-19 -4.769806E-03
       553  1.000000E-01 -1.514870E-18 -4.769806E-03
       554  1.000000E-01 -6.917498E-19 -4.769806E-03
       555  1.000000E-01 -1.677980E-18 -4.769806E-03
       556  1.000000E-01 -3.339737E-18 -4.769806E-03
       557  1.000000E-01 -3.370024E-18 -4.769806E-03
       558  1.000000E-01  7.803621E-19 -4.769806E-03
       559  1.000000E-01 -1.790908E-18 -4.769806E-03
       560  1.000000E-01 -1.316684E-18 -4.769806E-03
       561  1.000000E-01 -3.580521E-18 -4.769806E-03
       562  1.000000E-01 -3.707101E-18 -4.769806E-03
       563  1.000000E-01 -1.450143E-18 -4.769806E-03
       564  1.000000E-01 -2.710320E-18 -4.769806E-03
       565  1.000000E-01 -1.726594E-18 -4.769806E-03
       566  1.000000E-01  6.558377E-19 -4.769806E-03
       567  1.000000E-01  1.333812E-18 -4.769806E-03
       568  1.000000E-01  9.150616E-19 -4.769806E-03
       569  1.000000E-01  1.062296E-18 -4.769806E-03
       570  1.000000E-01  2.168021E-18 -4.769806E-03
       571  1.000000E-01  1.165836E-18 -4.769806E-03
       572  1.000000E-01 -1.887561E-19 -4.769806E-03
       573  1.000000E-01 -3.208700E-19 -4.769806E-03
       574  1.000000E-01  3.205945E-19 -4.769806E-03
       575  1.000000E-01 -4.643980E-19 -4.769806E-03
       576  1.000000E-01  2.264870E-18 -4.769806E-03
       577  1.000000E-01  7.578488E-19 -4.769806E-03
       578  1.000000E-01  1.261028E-18 -4.769806E-03
       579  1.000000E-01 -1.948266E-19 -4.769806E-03
       580  1.000000E-01 -3.433845E-19 -4.769806E-03
       581  1.000000E-01  1.696537E-19 -4.769806E-03
       582  1.000000E-01  1.136144E-18 -4.769806E-03
       583  1.000000E-01 -9.481236E-20 -4.769806E-03
       584  1.000000E-01 -1.194884E-18 -4.769806E-03
       585  1.000000E-01 -2.749196E-19 -4.769806E-03
       586  1.000000E-01  4.762415E-19 -4.769806E-03
       587  1.000000E-01  3.202927E-19 -4.769806E-03
       588  1.000000E-01 -1.329450E-19 -4.769806E-03
       589  1.000000E-01 -1.500987E-18 -4.769806E-03
       590  1.000000E-01 -1.324148E-18 -4.769806E-03
       591  1.000000E-01  5.906458E-19 -4.769806E-03
       592  1.000000E-01 -7.458337E-19 -4.769806E-03
       593  1.000000E-01 -6.251606E-19 -4.769806E-03
       594  1.000000E-01 -1.230242E-18 -4.769806E-03
       595  1.000000E-01 -4.663005E-19 -4.769806E-03
       596  1.000000E-01 -9.167184E-19 -4.769806E-03
       597  1.000000E-01 -9.777088E-19 -4.769806E-03
       598  1.000000E-01 -9.687496E-19 -4.769806E-03
       599  1.000000E-01 -3.661644E-19 -4.769806E-03
       600  1.000000E-01 -1.176520E-18 -4.769806E-03
       601  1.000000E-01 -8.578329E-19 -4.769806E-03
       602  1.000000E-01 -1.286749E-18 -4.769806E-03
       603  1.000000E-01 -7.941825E-19 -4.769806E-03
       604  1.000000E-01 -2.440641E-19 -4.769806E-03
       605  1.000000E-01 -2.375570E-19 -4.769806E-03
       606  1.000000E-01 -7.609336E-19 -4.769806E-03
       607  1.000000E-01 -7.961487E-19 -4.769806E-03
       608  1.000000E-01 -1.272480E-18 -4.769806E-03
       609  1.000000E-01 -1.339704E-18 -4.769806E-03
       610  1.000000E-01 -1.899264E-18 -4.769806E-03
       611  1.000000E-01 -1.846656E-18 -4.769806E-03
       612  1.000000E-01 -1.498943E-18 -4.769806E-03
       613  1.000000E-01 -1.013379E-18 -4.769806E-03
       614  1.000000E-01  3.627867E-19 -4.769806E-03
       615  1.000000E-01 -1.199252E-18 -4.769806E-03
       616  1.000000E-01 -8.624970E-19 -4.769806E-03
       617  1.000000E-01 -1.565864E-19 -4.769806E-03
       618  1.000000E-01 -5.141168E-19 -4.769806E-03
       619  1.000000E-01 -6.520416E-19 -4.769806E-03
       620  1.000000E-01 -5.838411E-19 -4.769806E-03
       621  1.000000E-01 -1.899696E-18 -4.769806E-03
       622  1.000000E-01 -1.404494E-18 -4.769806E-03
       623  1.000000E-01 -1.150796E-18 -4.769806E-03
       624  1.000000E-01 -2.508910E-18 -4.769806E-03
       625  1.000000E-01 -2.905194E-18 -4.769806E-03
       626  1.000000E-01 -1.251204E-18 -4.769806E-03
       627  1.000000E-01 -1.952645E-18 -4.769806E-03
       628  1.000000E-01 -7.751943E-19 -4.769806E-03
       629  1.000000E-01 -1.416420E-18 -4.769806E-03
       630  1.000000E-01 -6.470414E-19 -4.769806E-03
       631  1.000000E-01 -3.384702E-19 -4.769806E-03
       632  1.000000E-01  2.271893E-19 -4.769806E-03
       633  1.000000E-01 -2.871106E-18 -4.769806E-03
       634  1.000000E-01 -1.565810E-18 -4.769806E-03
       635  1.000000E-01 -1.758316E-18 -4.769806E-03
       636  1.000000E-01 -2.827145E-18 -4.769806E-03
       637  1.000000E-01 -2.903048E-18 -4.769806E-03
       638  1.000000E-01 -1.278520E-18 -4.769806E-03
       639  1.000000E-01 -1.987401E-18 -4.769806E-03
       640  1.000000E-01 -3.213537E-18 -4.769806E-03
       641  1.000000E-01 -1.601065E-18 -4.769806E-03
       642  1.000000E-01  7.598280E-19 -4.769806E-03
       643  1.000000E-01 -3.416284E-19 -4.769806E-03
       644  1.000000E-01  5.383317E-19 -4.769806E-03
       645  1.000000E-01 -1.299697E-18 -4.769806E-03
       646  1.000000E-01 -2.251514E-19 -4.769806E-03
       647  1.000000E-01 -1.612935E-18 -4.769806E-03
       648  1.000000E-01 -1.549292E-18 -4.769806E-03
       649  1.000000E-01 -7.003793E-19 -4.769806E-03
       650  1.000000E-01 -1.913557E-18 -4.769806E-03
       651  1.000000E-01 -1.462739E-18 -4.769806E-03
       652  1.000000E-01 -1.357471E-18 -4.769806E-03
       653  1.000000E-01 -4.947009E-19 -4.769806E-03
       654  1.000000E-01 -3.579830E-19 -4.769806E-03
       655  1.000000E-01 -1.683383E-18 -4.769806E-03
       656  1.000000E-01  5.305212E-19 -4.769806E-03
       657  1.000000E-01 -2.361917E-18 -4.769806E-03
       658  1.000000E-01 -1.045253E-18 -4.769806E-03
       659  1.000000E-01 -1.282872E-18 -4.769806E-03
       660  1.000000E-01 -1.632956E-18 -4.769806E-03
       661  1.000000E-01 -1.058032E-18 -4.769806E-03
       662  1.000000E-01  7.558748E-20 -4.769806E-03
       663  1.000000E-01 -1.825474E-18 -4.769806E-03
       664  1.000000E-01 -1.108151E-18 -4.769806E-03
       665  1.000000E-01 -1.514348E-19 -4.769806E-03
       666  1.000000E-01 -3.239018E-18 -4.769806E-03
       667  1.000000E-01 -1.215580E-18 -4.769806E-03
       668  1.000000E-01  1.111001E-19 -4.769806E-03
       669  1.000000E-01 -5.824173E-19 -4.769806E-03
       670  1.000000E-01 -2.578144E-18 -4.769806E-03
       671  1.000000E-01 -1.358511E-18 -4.769806E-03
       672  1.000000E-01 -1.054410E-18 -4.769806E-03
       673  1.000000E-01  2.680675E-19 -4.769806E-03
       674  1.000000E-01 -1.727039E-18 -4.769806E-03
       675  1.000000E-01 -2.335156E-19 -4.769806E-03
       676  1.000000E-01 -1.325203E-18 -4.769806E-03
       677  1.000000E-01 -1.379357E-18 -4.769806E-03
       678  1.000000E-01 -8.822581E-19 -4.769806E-03
       679  1.000000E-01 -8.379880E-19 -4.769806E-03
       680  1.000000E-01 -1.711411E-18 -4.769806E-03
       681  1.000000E-01 -1.485033E-18 -4.769806E-03
       682  1.000000E-01 -3.766248E-18 -4.769806E-03
       683  1.000000E-01 -4.655502E-22 -4.769806E-03
       684  1.000000E-01 -1.172215E-18 -4.769806E-03
       685  1.000000E-01 -1.142558E-18 -4.769806E-03
       686  1.000000E-01 -1.801598E-18 -4.769806E-03
       687  1.000000E-01 -2.283154E-18 -4.769806E-03
       688  1.000000E-01 -1.522842E-18 -4.769806E-03
       689  1.000000E-01 -7.699782E-19 -4.769806E-03
       690  1.000000E-01 -2.089107E-18 -4.769806E-03
       691  1.000000E-01 -1.140786E-18 -4.769806E-03
       692  1.000000E-01 -1.314882E-18 -4.769806E-03
       693  1.000000E-01 -1.676573E-18 -4.769806E-03
       694  1.000000E-01 -1.849730E-18 -4.769806E-03
       695  1.000000E-01 -7.258136E-19 -4.769806E-03
       696  1.000000E-01 -1.979794E-18 -4.769806E-03
       697  1.000000E-01 -3.038358E-18 -4.769806E-03
       698  1.000000E-01 -1.594913E-18 -4.769806E-03
       699  1.000000E-01 -1.287735E-18 -4.769806E-03
       700  1.000000E-01 -1.839167E-18 -4.769806E-03
       701  1.000000E-01 -5.087715E-19 -4.769806E-03
       702  1.000000E-01 -3.777694E-21 -4.769806E-03
       703  1.000000E-01 -1.486572E-19 -4.769806E-03
       704  1.000000E-01 -2.451672E-18 -4.769806E-03
       705  1.000000E-01 -1.576105E-18 -4.769806E-03
       706  1.000000E-01 -1.144950E-18 -4.769806E-03
       707  1.000000E-01 -5.558470E-19 -4.769806E-03
       708  1.000000E-01 -9.216194E-19 -4.769806E-03
       709  1.000000E-01 -1.527831E-18 -4.769806E-03
       710  1.000000E-01  2.235683E-19 -4.769806E-03
       711  1.000000E-01 -9.283087E-19 -4.769806E-03
       712  1.000000E-01 -2.017624E-18 -4.769806E-03
       713  1.000000E-01 -1.684598E-18 -4.769806E-03
       714  1.000000E-01 -4.470903E-19 -4.769806E-03
       715  1.000000E-01 -1.145783E-18 -4.769806E-03
       716  1.000000E-01 -1.590325E-18 -4.769806E-03
       717  1.000000E-01 -6.853106E-19 -4.769806E-03
       718  1.000000E-01 -1.216535E-18 -4.769806E-03
       719  1.000000E-01  1.312153E-19 -4.769806E-03
       720  1.000000E-01 -9.376874E-19 -4.769806E-03
       721  1.000000E-01 -2.137329E-18 -4.769806E-03
       722  1.000000E-01 -1.944874E-18 -4.769806E-03
       723  1.000000E-01 -1.635964E-18 -4.769806E-03
       724  1.000000E-01  2.353708E-21 -4.769806E-03
       725  1.000000E-01 -5.174352E-20 -4.769806E-03
       726  1.000000E-01 -1.662662E-18 -4.769806E-03
       727  1.000000E-01 -8.199119E-19 -4.769806E-03
       728  1.000000E-01 -9.980232E-19 -4.769806E-03
       729  1.000000E-01 -7.892307E-19 -4.769806E-03
       730  1.000000E-01  6.793490E-19 -4.769806E-03
       731  1.000000E-01 -1.627444E-18 -4.769806E-03
       732  1.000000E-01 -1.566301E-18 -4.769806E-03
       733  1.000000E-01 -4.037617E-19 -4.769806E-03
       734  1.000000E-01 -1.090682E-18 -4.769806E-03
       735  1.000000E-01 -1.647544E-18 -4.769806E-03
       736  1.000000E-01 -1.083997E-18 -4.769806E-03
       737  1.000000E-01  2.033258E-19 -4.769806E-03
       738  1.000000E-01 -2.126307E-18 -4.769806E-03
       739  1.000000E-01 -2.126399E-18 -4.769806E-03
       740  1.000000E-01 -3.744726E-18 -4.769806E-03
       741  1.000000E-01 -1.799313E-18 -4.769806E-03
       742  1.000000E-01 -1.615202E-18 -4.769806E-03
       743  1.000000E-01  1.913409E-19 -4.769806E-03
       744  1.000000E-01 -1.827022E-18 -4.769806E-03
       745  1.000000E-01 -2.928275E-18 -4.769806E-03
       746  1.000000E-01 -5.159969E-20 -4.769806E-03
       747  1.000000E-01 -1.475886E-18 -4.769806E-03
       748  1.000000E-01 -1.452567E-18 -4.769806E-03
       749  1.000000E-01  6.020814E-19 -4.769806E-03
       750  1.000000E-01  9.912661E-19 -4.769806E-03
       751  1.000000E-01 -1.850422E-18 -4.769806E-03
       752  1.000000E-01 -1.617807E-18 -4.769806E-03
       753  1.000000E-01  7.276131E-19 -4.769806E-03
       754  1.000000E-01 -9.868656E-19 -4.769806E-03
       755  1.000000E-01 -3.219033E-19 -4.769806E-03
       756  1.000000E-01 -5.057046E-19 -4.769806E-03
       757  1.000000E-01 -8.970658E-19 -4.769806E-03
       758  1.000000E-01 -5.126272E-19 -4.769806E-03
       759  1.000000E-01 -3.270950E-18 -4.769806E-03
       760  1.000000E-01 -1.208435E-18 -4.769806E-03
       761  1.000000E-01  5.161145E-21 -4.769806E-03
       762  1.000000E-01  1.176836E-19 -4.769806E-03
       763  1.000000E-01 -8.060392E-19 -4.769806E-03
       764  1.000000E-01 -7.201517E-19 -4.769806E-03
       765  1.000000E-01 -8.482932E-19 -4.769806E-03
       766  1.000000E-01  5.016956E-19 -4.769806E-03
       767  1.000000E-01  3.672623E-19 -4.769806E-03
       768  1.000000E-01  6.430356E-19 -4.769806E-03
       769  1.000000E-01 -1.842997E-18 -4.769806E-03
       770  1.000000E-01 -8.137885E-19 -4.769806E-03
       771  1.000000E-01 -7.316370E-19 -4.769806E-03
       772  1.000000E-01 -1.643483E-18 -4.769806E-03
       773  1.000000E-01 -7.545936E-19 -4.769806E-03
       774  1.000000E-01 -9.913349E-19 -4.769806E-03
       775  1.000000E-01 -1.797355E-18 -4.769806E-03
       776  1.000000E-01 -4.891307E-19 -4.769806E-03
       777  1.000000E-01  2.374374E-19 -4.769806E-03
       778  1.000000E-01 -1.992068E-18 -4.769806E-03
       779  1.000000E-01  3.624045E-19 -4.769806E-03
       780  1.000000E-01 -2.001908E-18 -4.769806E-03
       781  1.000000E-01 -1.135824E-18 -4.769806E-03
       782  1.000000E-01 -1.741281E-18 -4.769806E-03
       783  1.000000E-01 -6.089738E-19 -4.769806E-03
       784  1.000000E-01 -8.778893E-19 -4.769806E-03
       785  1.000000E-01 -3.457740E-19 -4.769806E-03
       786  1.000000E-01 -7.018965E-19 -4.769806E-03
       787  1.000000E-01  1.557775E-18 -4.769806E-03
       788  1.000000E-01 -4.287699E-19 -4.769806E-03
       789  1.000000E-01 -7.569905E-19 -4.769806E-03
       790  1.000000E-01 -1.953136E-18 -4.769806E-03
       791  1.000000E-01 -1.446733E-18 -4.769806E-03
       792  1.000000E-01 -1.367522E-18 -4.769806E-03
       793  1.000000E-01 -3.636789E-19 -4.769806E-03
       794  1.000000E-01  1.743153E-19 -4.769806E-03
       795  1.000000E-01 -1.294655E-18 -4.769806E-03
       796  1.000000E-01 -1.360923E-18 -4.769806E-03
       797  1.000000E-01 -4.067492E-19 -4.769806E-03
       798  1.000000E-01 -1.523698E-18 -4.769806E-03
       799  1.000000E-01 -7.835402E-19 -4.769806E-03
       800  1.000000E-01  9.334613E-20 -4.769806E-03
       801  1.000000E-01 -1.549342E-18 -4.769806E-03
       802  1.000000E-01 -1.858872E-18 -4.769806E-03
       803  1.000000E-01 -1.119688E-18 -4.769806E-03
       804  1.000000E-01 -5.458516E-19 -4.769806E-03
       805  1.000000E-01 -1.927292E-18 -4.769806E-03
       806  1.000000E-01 -3.941837E-19 -4.769806E-03
       807  1.000000E-01 -3.856154E-19 -4.769806E-03
       808  1.000000E-01 -4.458615E-19 -4.769806E-03
       809  1.000000E-01 -1.781012E-18 -4.769806E-03
       810  1.000000E-01 -1.247995E-20 -4.769806E-03
       811  1.000000E-01 -2.730533E-19 -4.769806E-03
       812  1.000000E-01 -1.987047E-19 -4.769806E-03
       813  1.000000E-01  4.154857E-19 -4.769806E-03
       814  1.000000E-01  3.475035E-19 -4.769806E-03
       815  1.000000E-01  5.187110E-19 -4.769806E-03
       816  1.000000E-01  7.222672E-19 -4.769806E-03
       817  1.000000E-01  5.409110E-20 -4.769806E-03
       818  1.000000E-01  5.438639E-19 -4.769806E-03
       819  1.000000E-01 -3.964507E-19 -4.769806E-03
       820  1.000000E-01  2.357237E-20 -4.769806E-03
       821  1.000000E-01  2.492416E-19 -4.769806E-03
       822  1.000000E-01  9.681358E-20 -4.769806E-03
       823  1.000000E-01  1.428151E-18 -4.769806E-03
       824  1.000000E-01 -1.951643E-18 -4.769806E-03
       825  1.000000E-01  4.763136E-19 -4.769806E-03
       826  1.000000E-01 -6.387415E-19 -4.769806E-03
       827  1.000000E-01 -1.086331E-18 -4.769806E-03
       828  1.000000E-01 -1.370899E-18 -4.769806E-03
       829  1.000000E-01  1.646638E-18 -4.769806E-03
       830  1.000000E-01 -3.327498E-19 -4.769806E-03
       831  1.000000E-01 -6.023946E-19 -4.769806E-03
       832  1.000000E-01 -2.320030E-18 -4.769806E-03
       833  1.000000E-01 -1.426431E-19 -4.769806E-03
       834  1.000000E-01  1.463892E-18 -4.769806E-03
       835  1.000000E-01 -3.586463E-19 -4.769806E-03
       836  1.000000E-01 -1.930392E-18 -4.769806E-03
       837  1.000000E-01 -1.066181E-18 -4.769806E-03
       838  1.000000E-01 -3.272576E-19 -4.769806E-03
       839  1.000000E-01 -1.478915E-18 -4.769806E-03
       840  1.000000E-01 -1.789977E-18 -4.769806E-03
       841  1.000000E-01 -9.369811E-19 -4.769806E-03
       842  1.000000E-01 -9.001548E-19 -4.769806E-03
       843  1.000000E-01 -2.252435E-18 -4.769806E-03
       844  1.000000E-01 -1.173604E-18 -4.769806E-03
       845  1.000000E-01 -8.068187E-19 -4.769806E-03
       846  1.000000E-01 -6.960825E-19 -4.769806E-03
       847  1.000000E-01 -1.760473E-18 -4.769806E-03
       848  1.000000E-01 -1.632625E-18 -4.769806E-03
       849  1.000000E-01 -1.786264E-18 -4.769806E-03
       850  1.000000E-01 -1.009163E-18 -4.769806E-03
       851  1.000000E-01 -1.231916E-18 -4.769806E-03
       852  1.000000E-01 -1.309410E-18 -4.769806E-03
       853  1.000000E-01 -3.467416E-19 -4.769806E-03
       854  1.000000E-01 -1.102452E-18 -4.769806E-03
       855  1.000000E-01 -9.287645E-19 -4.769806E-03
       856  1.000000E-01  1.243520E-18 -4.769806E-03
       857  1.000000E-01 -1.048376E-18 -4.769806E-03
       858  1.000000E-01 -2.597250E-18 -4.769806E-03
       859  1.000000E-01 -2.496590E-18 -4.769806E-03
       860  1.000000E-01 -1.332104E-18 -4.769806E-03
       861  1.000000E-01  4.763861E-19 -4.769806E-03
       862  1.000000E-01 -8.084119E-19 -4.769806E-03
       863  1.000000E-01 -1.890354E-18 -4.769806E-03
       864  1.000000E-01 -3.555798E-19 -4.769806E-03
       865  1.000000E-01  8.462214E-19 -4.769806E-03
       866  1.000000E-01 -5.376629E-19 -4.769806E-03
       867  1.000000E-01  1.596348E-18 -4.769806E-03
       868  1.000000E-01 -1.092871E-18 -4.769806E-03
       869  1.000000E-01 -6.569470E-19 -4.769806E-03
       870  1.000000E-01  1.437163E-19 -4.769806E-03
       871  1.000000E-01  1.030812E-18 -4.769806E-03
       872  1.000000E-01  4.201970E-19 -4.769806E-03
       873  1.000000E-01  2.708970E-19 -4.769806E-03
       874  1.000000E-01 -9.605622E-19 -4.769806E-03
       875  1.000000E-01 -9.576820E-19 -4.769806E-03
       876  1.000000E-01  7.711104E-19 -4.769806E-03
       877  1.000000E-01  1.661830E-18 -4.769806E-03
       878  1.000000E-01  2.225413E-18 -4.769806E-03
       879  1.000000E-01  6.667491E-19 -4.769806E-03
       880  1.000000E-01 -1.528001E-18 -4.769806E-03
       881  1.000000E-01 -9.652129E-19 -4.769806E-03
       882  1.000000E-01  7.532597E-20 -4.769806E-03
       883  1.000000E-01 -2.984784E-19 -4.769806E-03
       884  1.000000E-01 -1.793935E-18 -4.769806E-03
       885  1.000000E-01 -8.194456E-20 -4.769806E-03
       886  1.000000E-01 -1.441341E-18 -4.769806E-03
       887  1.000000E-01  2.846937E-19 -4.769806E-03
       888  1.000000E-01  3.805543E-20 -4.769806E-03
       889  1.000000E-01 -1.076154E-18 -4.769806E-03
       890  1.000000E-01  4.136209E-18 -4.769806E-03
       891  1.000000E-01 -5.262176E-19 -4.769806E-03
       892  1.000000E-01 -1.306441E-18 -4.769806E-03
       893  1.000000E-01  7.846176E-19 -4.769806E-03
       894  1.000000E-01  3.185697E-19 -4.769806E-03
       895  1.000000E-01 -8.790752E-19 -4.769806E-03
       896  1.000000E-01 -3.665540E-19 -4.769806E-03
       897  1.000000E-01 -2.457529E-18 -4.769806E-03
       898  1.000000E-01 -2.889416E-19 -4.769806E-03
       899  1.000000E-01 -9.322963E-20 -4.769806E-03
       900  1.000000E-01  8.741384E-19 -4.769806E-03
       901  1.000000E-01 -7.607643E-19 -4.769806E-03
       902  1.000000E-01 -5.669384E-19 -4.769806E-03
       903  1.000000E-01 -2.393045E-19 -4.769806E-03
       904  1.000000E-01 -2.177292E-18 -4.769806E-03
       905  1.000000E-01  5.515888E-20 -4.769806E-03
       906  1.000000E-01  2.350791E-18 -4.769806E-03
       907  1.000000E-01 -4.676111E-19 -4.769806E-03
       908  1.000000E-01  1.453110E-19 -4.769806E-03
       909  1.000000E-01  2.180241E-19 -4.769806E-03
       910  1.000000E-01  5.034719E-19 -4.769806E-03
       911  1.000000E-01  1.965206E-18 -4.769806E-03
       912  1.000000E-01 -2.352757E-19 -4.769806E-03
       913  1.000000E-01  3.698594E-19 -4.769806E-03
       914  1.000000E-01 -2.667714E-19 -4.769806E-03
       915  1.000000E-01 -7.639528E-19 -4.769806E-03
       916  1.000000E-01  6.886838E-19 -4.769806E-03
       917  1.000000E-01 -3.791234E-19 -4.769806E-03
       918  1.000000E-01 -1.229820E-19 -4.769806E-03
       919  1.000000E-01  7.887848E-19 -4.769806E-03
       920  1.000000E-01  5.535883E-19 -4.769806E-03
       921  1.000000E-01  1.424996E-19 -4.769806E-03
       922  1.000000E-01 -1.346139E-18 -4.769806E-03
       923  1.000000E-01  1.223109E-18 -4.769806E-03
       924  1.000000E-01  7.289862E-19 -4.769806E-03
       925  1.000000E-01 -1.000404E-18 -4.769806E-03
       926  1.000000E-01 -7.874281E-19 -4.769806E-03
       927  1.000000E-01  1.680121E-18 -4.769806E-03
       928  1.000000E-01  1.615078E-18 -4.769806E-03
       929  1.000000E-01  1.237690E-18 -4.769806E-03
       930  1.000000E-01  5.869938E-19 -4.769806E-03
       931  1.000000E-01  1.270713E-18 -4.769806E-03
       932  1.000000E-01  1.226698E-19 -4.769806E-03
       933  1.000000E-01  2.366679E-18 -4.769806E-03
       934  1.000000E-01 -5.520277E-20 -4.769806E-03
       935  1.000000E-01 -2.345892E-19 -4.769806E-03
       936  1.000000E-01 -9.034767E-19 -4.769806E-03
       937  1.000000E-01  9.434080E-19 -4.769806E-03
       938  1.000000E-01  6.854746E-19 -4.769806E-03
       939  1.000000E-01  1.285818E-18 -4.769806E-03
       940  1.000000E-01 -1.265714E-18 -4.769806E-03
       941  1.000000E-01  4.472640E-19 -4.769806E-03
       942  1.000000E-01  1.186925E-18 -4.769806E-03
       943  1.000000E-01  4.040502E-20 -4.769806E-03
       944  1.000000E-01  1.604350E-20 -4.769806E-03
       945  1.000000E-01  4.611815E-19 -4.769806E-03
       946  1.000000E-01  3.300158E-18 -4.769806E-03
       947  1.000000E-01  1.605137E-18 -4.769806E-03
       948  1.000000E-01  1.926045E-18 -4.769806E-03
       949  1.000000E-01  1.341867E-18 -4.769806E-03
       950  1.000000E-01 -5.872188E-19 -4.769806E-03
       951  1.000000E-01 -1.151608E-19 -4.769806E-03
       952  1.000000E-01 -8.672526E-19 -4.769806E-03
       953  1.000000E-01 -1.980700E-18 -4.769806E-03
       954  1.000000E-01 -1.181014E-18 -4.769806E-03
       955  1.000000E-01 -2.806125E-18 -4.769806E-03
       956  1.000000E-01  4.897099E-19 -4.769806E-03
       957  1.000000E-01 -3.739602E-19 -4.769806E-03
       958  1.000000E-01  2.554545E-19 -4.769806E-03
       959  1.000000E-01 -3.066901E-19 -4.769806E-03
       960  1.000000E-01  1.023468E-18 -4.769806E-03
       961  1.000000E-01 -1.437945E-18 -4.769806E-03
       962  1.000000E-01  1.486952E-18 -4.769806E-03
       963  1.000000E-01  1.846145E-18 -4.769806E-03
       964  1.000000E-01 -3.751443E-19 -4.769806E-03
       965  1.000000E-01  1.673339E-18 -4.769806E-03
       966  1.000000E-01 -9.753401E-19 -4.769806E-03
       967  1.000000E-01 -1.748549E-18 -4.769806E-03
       968  1.000000E-01 -1.893756E-18 -4.769806E-03
       969  1.000000E-01  2.189212E-18 -4.769806E-03
       970  1.000000E-01 -4.775257E-19 -4.769806E-03
       971  1.000000E-01 -6.724777E-19 -4.769806E-03
       972  1.000000E-01 -1.451113E-18 -4.769806E-03
       973  1.000000E-01 -2.215612E-18 -4.769806E-03
       974  1.000000E-01 -3.201907E-18 -4.769806E-03
       975  1.000000E-01 -4.979471E-20 -4.769806E-03
       976  1.000000E-01  2.303691E-18 -4.769806E-03
       977  1.000000E-01 -2.783348E-18 -4.769806E-03
       978  1.000000E-01 -1.976609E-18 -4.769806E-03
       979  1.000000E-01  1.850314E-19 -4.769806E-03
       980  1.000000E-01  4.497080E-19 -4.769806E-03
       981  1.000000E-01  5.153638E-20 -4.769806E-03
       982  1.000000E-01  3.922072E-19 -4.769806E-03
       983  1.000000E-01  6.473144E-20 -4.769806E-03
       984  1.000000E-01  8.516876E-19 -4.769806E-03
       985  1.000000E-01  4.316260E-19 -4.769806E-03
       986  1.000000E-01 -1.253172E-18 -4.769806E-03
       987  1.000000E-01  4.722503E-19 -4.769806E-03
       988  1.000000E-01 -8.353794E-21 -4.769806E-03
       989  1.000000E-01  2.265967E-19 -4.769806E-03
       990  1.000000E-01  2.320088E-19 -4.769806E-03
       991  1.000000E-01 -4.232937E-19 -4.769806E-03
       992  1.000000E-01  3.916861E-19 -4.769806E-03
       993  1.000000E-01 -6.324700E-19 -4.769806E-03
       994  1.000000E-01  1.165438E-18 -4.769806E-03
       995  1.000000E-01  2.921207E-19 -4.769806E-03
       996  1.000000E-01  1.391095E-18 -4.769806E-03
       997  1.000000E-01 -7.479370E-19 -4.769806E-03
       998  1.000000E-01  3.052572E-18 -4.769806E-03
       999  1.000000E-01  9.855888E-20 -4.769806E-03
      1000  1.000000E-01 -9.628585E-19 -4.769806E-03
      1001  1.000000E-01 -1.599797E-18 -4.769806E-03
      1002  1.000000E-01 -3.684007E-18 -4.769806E-03
      1003  1.000000E-01 -7.585376E-19 -4.769806E-03
      1004  1.000000E-01 -3.642834E-19 -4.769806E-03
      1005  1.000000E-01 -1.331016E-18 -4.769806E-03
      1006  1.000000E-01 -1.018636E-18 -4.769806E-03
      1007  1.000000E-01 -1.347763E-18 -4.769806E-03
      1008  1.000000E-01  1.274269E-18 -4.769806E-03
      1009  1.000000E-01 -3.271623E-19 -4.769806E-03
      1010  1.000000E-01 -8.511237E-19 -4.769806E-03
      1011  1.000000E-01 -1.213695E-18 -4.769806E-03
      1012  1.000000E-01  1.072585E-18 -4.769806E-03
      1013  1.000000E-01  5.282137E-19 -4.769806E-03
      1014  1.000000E-01 -8.592600E-19 -4.769806E-03
      1015  1.000000E-01  1.399874E-19 -4.769806E-03
      1016  1.000000E-01 -1.275939E-18 -4.769806E-03
      1017  1.000000E-01 -9.946044E-19 -4.769806E-03
